side.effect	targets	n.target	k.target.med	k.target.mean	n.drug
Hepatic necrosis	213|1559|4535|7153|2890|27032|3736|513|1571|9356	10	15.000000	41.300000	57
Cardiac failure	1551|5159|153|3815|7153|5243|9429|6331	8	17.500000	39.625000	157
Musculoskeletal stiffness	1814|25|1544|1557|1812|1815|1559|1565|5732|5243|1576|3356|6532|3350|3352|1551|3351|3358|6329	19	8.000000	26.526316	95
Recall phenomenon	7153|7155|5447|5243|978|9429|1244|6240|10928	9	18.000000	31.000000	14
Jaundice	152|213|7153|3757|59340|3274|5743|6532|3736|1814|1815|1544|1812|1813|7364|3362|3363|9429|1565|146|147|9356|5004|1133|1132|1816|148|54658|3354|3356|240|3269|3359|3358|1551|1557|1559|1558|5742|5243|1244|8647|1576|3350	44	7.000000	15.022727	245
Dizziness	1551|1544|1557|1559|54658|5243|1565|1576	8	9.500000	13.125000	634
Hyperbilirubinaemia	1551|1633|3614|1559|5243|9429|1576	7	9.000000	10.142857	97
Cogwheel rigidity	1128|1129|152|150|1814|1815|1816|1812|1813|3362|3363|1565|147|151|1133|1132|1131|148|3354|3356|3350|3352|3269|3359|3358|1551|801	27	7.000000	14.592593	16
Decreased appetite	1551|1544|1557|762|7153|760|7364|54658|5243|1565|9429|1559|5742|1244|1558|759|1576	17	7.000000	16.529412	453
Sleep apnoea syndrome	1814|1815|152|1812|1813|148|1576|3356|3350|3352|3269|3358	12	9.500000	10.666667	17
Gingival hyperplasia	775|774|776|3614|3615|773|783|9254|779|5243|54577|8912|6326|8911|6323|6331|1551|801|1576|2326	20	7.000000	21.250000	22
Gastrointestinal haemorrhage	213|1559|5243|9429|5742|5743	6	17.500000	39.166667	152
Libido decreased	150|152|6532|6530|6531|1636|1813|3362|4986|367|1565|146|147|5004|1133|9254|148|3356|3350|3269|3358|1551|1557|1559|5243|8912|1576	27	7.000000	16.407407	157
Infestation	1551|28234|3815|1576|9429|8856	6	9.000000	18.333333	203
Hyperphagia	1128|1814|151|152|1812|1815|1565|1813|148|1576|3354|147|3356|3350|3352|3269|3358	17	8.000000	8.941176	7
Pseudomembranous colitis	6565|1595|7153|9356|6584	5	4.000000	27.400000	38
Masked facies	1128|151|152|150|59340|3274|1814|1815|1816|1812|1813|3362|3363|1565|147|1133|1132|1131|148|3354|3356|3351|3350|3352|3269|3359|3358	27	6.000000	7.222222	10
Hypotension	1814|1815|152|1812|1813|1131|3362|1565|59340|3356|5243|1562|3350|3359|3358|6331	16	8.500000	9.375000	426
Dyspepsia	1551|1557|1559|1558|5243|1565|5742|1576	8	9.500000	12.250000	453
Arthralgia	1551|1544|1545|1636|1557|1559|1558|316|5243|1565|9429|1633|1244|3352|10599|1576	16	7.000000	12.250000	361
Ileus paralytic	1128|1129|152|155|150|3751|3752|59340|6532|6530|6531|6609|1816|1812|1813|3362|3363|203068|4985|4986|4988|1565|146|147|773|5004|1133|1132|1131|148|3356|3350|3269|3358|5243|50632|801	37	7.000000	18.432432	41
Angiopathy	1814|1551|5243|1565|9429|1576	6	9.000000	9.166667	271
Chills	1551|213|7153|54658|5243|9429|3352|1576	8	9.000000	39.625000	278
Diarrhoea	1551|1557|1559|1558|5243|1565|9429|5742|1244|1576	10	7.000000	10.700000	593
Gastrointestinal perforation	1436|2322|2321|7363|5743|9356|5004|1559|2324|3791|54658|3815|5156|9429|5742|1956|5159|596|8856|213	20	20.500000	53.250000	18
Embolism	1551|5159|1588|1545|1543|3815|7298|6462|2908|10928|5243|9429|1244|2328|2100|2099|1576	17	30.000000	57.823529	67
Neuralgia	1551|1557|596|1559|1576|1565	6	9.500000	27.333333	70
Gynaecomastia	1128|1129|152|147|3751|3752|3757|59340|3274|776|6532|6530|6531|6609|25|1814|1815|1544|775|1812|1813|6579|7364|3362|3363|9429|367|1562|9254|6583|774|151|6580|3815|1133|1132|1131|779|1816|148|54658|3354|3356|146|3156|3352|3269|3359|3358|55867|150|1557|783|1559|1558|6462|5004|5243|1565|8912|1244|1551|5159|801|1576|3350	66	6.000000	21.181818	130
Disturbance in attention	150|152|6532|6530|6531|1814|1815|1544|1812|1813|3363|4986|1565|147|1816|148|3356|3351|3350|3352|3269|3358|1551|3786|1557|3785|1576	27	8.000000	10.333333	89
Eye disorder	1551|1544|1559|5243|1565|9429|1576	7	7.000000	11.000000	259
Dermatitis exfoliative	1551|1544|213|1559|54600|5742|5743|55867|9356	9	7.000000	28.222222	155
Menstruation irregular	1814|1815|1545|1812|1813|1558|6462|2908|1586|5241|6579|1551|5243|3356|148|3269|367|1576|2099|1565|3350	21	14.000000	47.809524	59
Restless legs syndrome	1128|151|4544|152|150|6532|6530|6531|1814|1815|1544|1812|1813|3362|3363|1565|147|3815|1133|1132|1816|148|3354|3356|3350|3352|3269|4543|3359|3358|1551|25|1576	33	7.000000	19.939394	23
Nightmare	1128|1129|153|152|154|150|706|151|6532|2567|6530|6531|3363|2569|1815|1544|1812|1813|2561|2560|2563|2562|2565|1557|3362|2566|1565|146|147|1139|5004|1133|1132|1131|1137|1816|148|5243|3357|3356|3351|3350|3352|3269|3359|3358|2555|1551|1644|2554|2898|2556|2557|1559|2559|2891|2570|1814|1571|1576	60	8.000000	10.566667	117
Nervous system disorder	1551|9429|1576|5243|1565	5	6.000000	8.200000	376
Rash	1551|1559|1558|5243|9429|1548|1576	7	7.000000	7.714286	658
Cold sweat	4988|1576|4985|1565|4986	5	12.000000	13.600000	35
Seborrhoeic dermatitis	1814|1815|1816|152|1812|1813|1565|5243|1576|9429|3354|3356|3352|367|3358	15	7.000000	22.933333	65
Alkalosis	3614|3615|54600|7364|54577|213	6	16.500000	38.666667	9
Bradykinesia	1814|1815|151|152|1812|1813|873|148|1565|3356|3362|3352|3269|1551|3358|3350	16	7.500000	9.312500	16
Ecchymosis	1551|25|1544|213|1557|1559|64805|7364|5243|9429|54575|5742|5743	13	22.000000	50.230769	126
Arthropathy	1551|1559|5243|1565|9429|3354|3352|1576	8	6.000000	7.125000	100
Vasculitis	1244|213|1557|1559|1558|6579|7364|1548|9429|5742|5743|5243|9356|10599|240	15	7.000000	21.800000	113
Menorrhagia	1814|1815|1816|152|1557|1812|1813|1559|3362|3363|3354|3356|5243|3352|3269|1551|1576|3358|3350	19	7.000000	10.000000	77
Musculoskeletal pain	1551|25|3815|2224|5243|9429|3156|8647|1576	9	12.000000	48.444444	98
Lower respiratory tract infection	1436|1814|151|152|1812|1815|150|5156|3354|3351|3350|3352|1551|3358	14	7.500000	10.928571	25
Arrhythmia	3736|1544|7153|1565|5243	5	17.000000	32.000000	281
Hyperuricaemia	25|7498|6557|3614|3615|3815|760|2030|7153|6559|5243|5422|9429|1633|185|6240|2950	17	17.000000	40.411765	102
Urethral disorder	1551|1559|5243|1565|9429|1576	6	6.500000	8.000000	250
Chest pain	1551|1544|1559|1558|7153|5243|1565|9429|1576	9	7.000000	20.666667	351
Abdominal discomfort	1551|1815|3351|54658|3352	5	6.000000	6.000000	183
Thinking abnormal	2569|2570|1544|2554|2555|2556|2561|2560|706|2562|2565|1557|5243|2566|54576|2567|1576|2563	18	12.500000	13.555556	96
Enuresis	151|1129|152|150|1814|1815|1812|1813|3362|3363|147|1133|1132|1131|148|3354|3356|3351|3350|3352|3269|3359|3358|1551|6330|1576	26	7.500000	8.192308	24
Nail disorder	1551|5159|1545|1543|5004|7298|1558|3815|5243|8856|9429|1559|1956|1890|1576	15	17.000000	46.733333	59
Gastrooesophageal reflux disease	1128|1551|3815|1131|8654|5243|1565|9429|4985|3352|1576|2224	12	10.000000	15.916667	94
Disorientation	1128|1129|153|155|154|6532|2567|6530|6531|2569|1544|1813|2561|2560|2563|2562|2565|1557|3362|2566|4985|4986|4988|1565|146|5004|1133|1132|1131|5243|3356|3350|3269|3358|1551|2555|2556|2557|1559|2559|2570|1576	42	8.000000	11.642857	134
Hydronephrosis	2280|2475|54577|3614|3615	5	23.000000	24.400000	15
Hypertrophic cardiomyopathy	301|6579|2908|1576|5243	5	17.000000	67.800000	9
Peritonitis	2280|2475|54577|3614|3615	5	23.000000	24.400000	15
Goitre	3357|6532|1576|1557|1565	5	6.000000	10.600000	29
Vasospasm	3355|3357|54577|3351|3350|3352	6	5.000000	5.000000	26
Myocardial infarction	1551|1544|1545|1636|1559|6579|7153|5243|9429|5742|5743|6532|6530|3352|3351|10599|1576	17	7.000000	16.647059	226
Urinary tract disorder	1551|1559|5243|1565|9429|1576	6	6.500000	8.000000	246
Bradycardia	151|150|153|152|154|43|4986|4988|1562|1565|775|776|779|148|3355|3351|3350|3352|3359|1551|783|5243|8912|6331	24	6.500000	10.416667	249
Hypothermia	151|1129|152|2904|116443|1814|1815|1544|1812|1813|873|3362|3363|4985|1565|147|1133|1132|1131|1816|3354|3356|3351|3350|3352|150|3359|3358|1551|2554|1557|1576	32	9.500000	11.875000	52
Bronchitis	1559|1558|1576|1557|1066	5	7.000000	12.000000	196
Muscle twitching	151|152|6532|3362|6530|6531|1814|1815|1544|1812|1548|3363|6326|4985|4986|4988|1565|1133|3354|3356|3351|3350|3352|3269|3359|3358|1551|1559|18|5243|1576	31	7.000000	8.935484	110
Metrorrhagia	1551|1544|1557|1559|5241|2099|1576	7	29.000000	61.571429	71
Pulmonary function test decreased	1571|2562|4988|213|2561|2560|54600|7363|7364|2890|27032|2554|5742|4985|4986|513|3736|1562|4535|116443	20	17.500000	24.800000	75
Hypotonia	1814|1815|1816|152|1812|150|706|3352|151|316|1565|6326|3356|4985|6331|4986|1551|2550|1576|3358	20	7.000000	10.450000	48
Thrombocytopenia	1633|213|1557|6565|1558|7153|54658|5243|9429|1559|5742|5743|1244|2030|1565|3356|9356	17	7.000000	24.764706	406
Amenorrhoea	1128|150|152|2099|1814|1815|1816|1545|1812|1813|1586|3362|3363|367|1565|148|3354|3356|3350|3352|3269|3359|3358|1551|1557|1558|6462|5241|5243|1576	30	9.500000	29.633333	93
Peptic ulcer	3614|5742|5743|7364|213	5	22.000000	48.000000	70
Parotid gland enlargement	1128|1129|152|155|150|3751|3752|59340|6532|6530|1815|1544|1812|1813|3362|3363|1562|1565|146|147|5004|1133|1132|1131|1816|10280|3356|3351|148|3352|3269|3359|3358|1557|1571|3350	36	6.000000	8.250000	16
Hearing impaired	1551|1633|213|1559|9429|5742|5743|2030|55867|9356	10	6.500000	24.700000	97
Fluid retention	1551|25|1545|1559|5241|1586|5243|9429|1558|2099|1576	11	17.000000	69.000000	110
Biliary colic	4988|1576|4985|1565|4986	5	12.000000	13.600000	20
Speech disorder	1551|1557|5243|3354|3351|6331|3352|1576	8	10.000000	12.250000	89
Urinary hesitation	1128|1129|1133|1132|1131|6532|6530|4985|1565	9	6.000000	7.888889	39
Lymphopenia	1436|2322|2321|2324|3815|3791|5156|9429|6240|5159	10	23.000000	33.500000	38
Polyuria	1551|1557|1559|1558|7363|1565|3354|3352|1576	9	7.000000	10.333333	149
Pancytopenia	6833|7498|1633|9356|1557|7298|1559|7153|1544|5243|978|9429|6565|5742|5743|1244|6240|2944|2950	19	17.000000	18.631579	213
Agranulocytosis	6833|213|762|7153|54600|5742|5743|1544|1812|1813|7364|3362|760|9356|7298|3356|3269|3358|1636|1557|1559|5243|1565|6565|54575	25	12.000000	22.680000	257
Mania	1128|1129|152|150|6532|6530|6531|116444|1814|1815|1544|1812|1813|3362|3363|1565|147|151|1133|1132|1131|1816|148|3354|3357|3356|3351|3350|3352|3269|3359|3358|1551|1557|5243|1576	36	7.000000	9.000000	75
Gastroenteritis	1557|1559|1558|54658|5243|1565|3352|1576	8	7.000000	10.375000	137
Hyperkeratosis	1815|2321|2324|3815|3791|1565|2322|3358	8	15.000000	23.625000	22
Serotonin syndrome	1128|1544|4128|1565|3352|148|3363|3355|3354|3356|6532|3350|6530|4986|3269|3351|6531|3358	18	7.000000	9.777778	27
Blood bilirubin increased	1551|25|1633|3815|7153|5243|9429|1244|5159|1576	10	16.500000	62.000000	87
Crohn's disease	7364|54658|5742|5743|240|5320|5468|55867	8	19.000000	21.875000	9
Dependence	2554|1565|706|6531|2566|6532|4985|6530|4986|4988|1576	11	8.000000	11.272727	23
Oesophagitis	1551|1559|2224|7153|5243|9429|5743|1576	8	11.000000	22.500000	120
Hyperprolactinaemia	1128|150|1816|152|1551|1812|1815|1813|151|148|3358|147|1814|6532|3350|6530|3352|3269|3351|1565|3356	21	7.000000	8.809524	23
Coordination abnormal	1128|1129|152|150|706|6532|6530|6531|1814|1815|1544|4128|1813|3362|3363|6323|1565|147|5004|1133|1132|1131|1816|148|3354|3356|3351|3350|3352|3269|3786|3359|3358|1551|2554|1557|3785|1559|5243|6331|1576	41	8.000000	11.682927	109
Cutaneous vasculitis	768|6557|771|762|760|6559|54575|759	8	3.500000	7.875000	20
Drooling	151|150|152|1814|1815|1816|1812|1813|3362|3363|1565|147|1131|148|3354|3356|3350|3352|3269|3359|3358|1576	22	7.500000	8.500000	16
Hiccups	1551|2554|54600|7153|5243|9429|3354|54576|3351|3352|3359|1576	12	7.000000	16.416667	108
Eosinophil count increased	1814|1815|151|152|1812|3352|3358	7	7.000000	7.571429	13
Angle closure glaucoma	1128|1129|1133|1132|1131|148|1565|3356|6532|6530|6531|3269|3358	13	7.000000	7.230769	20
Increased appetite	152|6532|1814|1815|1544|1545|1812|1813|3362|3363|1565|5004|3354|3356|3350|3352|3269|3358|1551|1557|1559|5243|1576	23	7.000000	11.130435	148
Hypokalaemia	1551|5159|3815|5243|978|9429|1576	7	17.000000	30.428571	169
Muscle tightness	1128|1814|151|152|1812|1815|150|1813|148|1565|3356|6532|3350|6530|6531|3269|3352|3358	18	7.500000	9.000000	13
Convulsion	213|1813|134|1565|3352|3362|3358|6531|6530|3356|4985|5243|135|4986|3269|4988|3363|3359|1576|6532|3350	21	8.000000	17.666667	353
Pregnancy test false positive	801|3356|1812|148|1813	5	17.000000	50.400000	8
Vasculitis necrotising	768|6557|771|762|760|6559|759	7	3.000000	5.571429	17
Sneezing	4988|6336|4985|3359|4986	5	7.000000	11.600000	50
Breast discharge	5241|6462|2099|3350|3352	5	51.000000	83.400000	19
Body temperature increased	1551|7498|9356|1557|5004|1559|1544|5243|1565|9429|1576	11	6.000000	10.181818	491
Injury	1551|1557|1559|1558|6579|5243|1565|9429|1244|10599|1576	11	6.000000	8.545455	144
Dyskinesia	1128|1129|152|2904|59340|3274|6532|6530|6531|1814|1815|1544|1812|1813|3362|3363|6326|1565|147|151|5004|1133|1132|1131|1816|148|3354|3357|3356|3351|3350|3352|3269|3359|3358|150|1557|5243|50632|1551|801|1576	42	6.500000	13.857143	100
Weight decreased	5159|152|6532|1814|1815|1816|1812|1813|3362|3363|9429|1565|3815|3354|3356|3350|3352|3358|1551|1559|5243|1576	22	7.000000	14.454545	213
Haematemesis	1557|1559|3352|9429|3354|5742|5743|3066|5139|134	10	14.000000	32.800000	74
Diabetic coma	1128|1129|152|150|1814|1815|1816|1812|1813|3362|3363|1565|147|151|1133|1132|1131|148|3354|3356|3351|3350|3352|3269|3359|3358	26	7.000000	7.846154	5
Type 2 diabetes mellitus	1814|1815|1816|152|1812|1813|150|151|3357|3356|3351|3350|3352|3358	14	7.500000	9.785714	5
Dyspnoea	1551|153|1633|1812|1559|54600|54658|5243|1565|9429|3351|3352|1576	13	7.000000	8.538462	445
Breast enlargement	1128|150|152|155|6532|6530|6531|1814|1544|1812|1813|3362|3363|1565|146|6581|6580|5004|1133|1132|1816|148|3356|3350|3352|3269|3358|1551|1557|1559|1558|4914|5241|5243|6462|1576	36	7.000000	12.444444	66
Orthostatic hypotension	1128|150|152|3757|6532|6530|1814|1815|1544|1812|1813|6559|3362|3363|1565|775|147|151|776|5004|1133|1132|1131|1816|148|3354|3357|3356|146|3350|3352|3269|3359|3358|1551|1636|783|5243|3351|1576	40	6.000000	8.200000	192
Parkinsonian rest tremor	1814|1815|151|152|1812|1813|150|148|147|3356|3350|3352|3269|801|3358	15	10.000000	22.733333	6
Cardiac arrest	1551|1812|1813|5243|1565|6336|6331|4986|4988|1576	10	11.500000	11.800000	163
Embolism venous	150|152|2908|2099|1814|1815|1588|1545|1812|1813|6579|3362|3363|147|1816|3354|3356|3352|3269|3359|3358|1551|10928|6462|5243|2100|1576	27	12.000000	33.481481	46
Angioedema	1551|1544|1636|1557|1559|1558|5243|1565|5742|5743|10599|1576	12	9.500000	12.916667	337
Sinus tachycardia	1128|1129|5139|1133|1132|1131|7153|135|3356|3066|6530|134|100|3358|136	15	10.000000	29.133333	35
Liver injury	7498|2898|1559|2891|1544|1576|3615	7	19.000000	17.142857	96
Polycythaemia	3614|3615|2280|6462|54577|367	6	26.500000	54.666667	18
Pathological gambling	1814|1644|1816|152|1812|1815|150|1813|151|3363|3357|3356|3351|3350|3352|3358	16	7.500000	10.375000	11
Hepatic enzyme increased	1815|1544|1557|54575|1559|54600|1565|3354|5742|5468|3359|1576	12	9.500000	17.333333	109
Extravasation	2944|1545|7155|6647|7153|7150|9429|540|203068|8714|6582|7298|1318|5460|4502|2950|1728|5447|5243|1579|1244|8647|2356|4489|538	25	9.000000	31.680000	63
Dental caries	1128|1129|1816|152|1812|5004|1133|1132|1131|1813|3362|3363|3354|147|3356|6532|6530|6531|3269|1565|3358	21	6.000000	7.190476	34
Lymphadenitis	1128|1129|152|155|5004|1133|1132|1131|1813|1565|148|3363|3356|146|3362|6530|6531|3269|6532|3358|3350	21	6.000000	7.190476	11
Constipation	1128|1129|152|59340|6532|6530|6531|1814|1815|1816|1812|1813|3362|3363|4986|4988|1565|147|151|5004|1133|1132|1131|54658|3354|3357|3356|3351|3350|3352|3269|3358|1551|1636|1557|1559|1558|5243|1576	39	7.000000	8.256410	455
Dermatitis bullous	1551|1559|1558|7153|1548|1565|9429|5243|6257|1576|1244	11	7.000000	20.636364	150
Pleurisy	1815|1816|3357|3351|3350|3352	6	6.500000	6.666667	20
Delusion	1128|1129|152|155|150|706|59340|3269|6532|2567|6530|6531|5243|3363|116443|2569|1815|1544|1812|1813|2561|2560|2563|2565|1557|3362|2566|1565|146|147|151|5004|1133|1132|1131|1816|148|3354|3357|3356|3351|3350|3352|6529|3359|3358|4759|2554|2555|2556|2570|1814|1571|1576	54	7.500000	8.851852	76
Haemoglobin	1551|213|3815|1559|54600|9429|5743|6240|64805	9	7.000000	32.777778	242
Gait disturbance	152|2904|6532|1814|1815|1544|1812|1813|7153|873|3362|3363|1565|1816|148|3354|3356|3351|3350|3352|3358|1551|5243|1576	24	8.500000	15.583333	103
Inappropriate antidiuretic hormone secretion	1128|1129|152|2904|6532|3066|6530|6531|1814|1815|1544|1812|1813|3362|203068|1562|1565|146|147|5004|1133|1132|1131|3758|148|3356|3350|3352|3269|3358|150|1557|1559|5243|1576|6833	36	8.500000	21.388889	59
Memory impairment	2554|2555|2556|1559|2560|706|7364|1557|3156|1558|1576	11	12.000000	12.909091	77
Parkinson's disease	1814|1815|1816|152|1812|1813|1133|1132|151|147|148|3363|3354|3357|3356|3351|3350|3352|150|3358	20	7.000000	8.300000	9
Drug interaction	1551|1557|1559|1558|5243|1565|9429|4985|1244|4988|1576	11	7.000000	12.363636	97
Ureteral spasm	4988|7363|4985|1565|4986	5	21.000000	15.400000	6
Ear pain	1551|1559|3351|1576|3352	5	7.000000	7.800000	135
Laryngospasm	153|154|4535|4985|4988|1565	6	23.500000	29.666667	80
Hypoaesthesia	1128|1129|152|6532|6530|1544|3362|3363|9429|1562|1565|146|147|5004|1133|1132|1131|3354|3356|3351|3350|3352|3269|3358|1551|1557|1559|1558|5243|6331|1576	31	6.000000	8.516129	246
Uterine rupture	5734|6578|5733|28232|5732	5	3.000000	7.800000	4
Pulmonary embolism	1814|1815|1545|5739|2328|316|5243|9429|3354|3352|1551|2100|2099|1576	14	9.500000	35.928571	110
Drug dependence	4986|5243|4985|6532|6530|6531|4988|1565	8	7.500000	11.625000	24
Infarction	2322|2321|3791|1636|2324	5	15.000000	21.800000	14
Gastrointestinal pain	1551|6565|7153|7364|1565|9429|1559|1558|1576	9	7.000000	18.333333	477
Buccoglossal syndrome	1128|1129|152|150|1814|1815|1816|1812|1813|3362|3363|1565|147|151|1133|1132|1131|148|3354|3356|3351|3350|3352|3269|3359|3358	26	7.000000	7.846154	6
Female sexual dysfunction	1128|6532|6530|1557|1565	5	6.000000	9.200000	9
Nervousness	1128|146|1544|2554|2555|1557|1558|1559|2560|706|2556|148|2566|6532|5243|6531|3269|1576|1565	19	8.000000	11.210526	314
Blood triglycerides increased	1551|1559|1576|5243|1565	5	7.000000	8.800000	63
Cushing's syndrome	2280|2908|3614|3615|54577	5	23.000000	50.800000	17
Pharyngitis	1551|1636|1559|1558|5243|9429|185|1576	8	7.000000	10.375000	264
Vomiting	1551|1544|213|1557|1559|1558|5243|1565|9429|1244|1576|9356	12	7.000000	23.833333	660
Discomfort	1551|1557|1559|1558|7364|54658|1548|1565|9429|5243|1576	11	7.000000	10.181818	377
Cystitis noninfective	1557|1559|1558|1565|5743|1576	6	9.500000	13.166667	114
Tumour lysis syndrome	5159|25|1633|3815|5422|9429|6240|5156|1436	9	36.000000	66.333333	21
Deep vein thrombosis	1814|1815|1545|2328|5243|9429|3354|1551|1576	9	7.000000	10.444444	61
Ventricular fibrillation	1128|1129|152|3751|3752|3757|1544|1813|1562|1565|6583|5004|1133|1132|1131|3355|3356|3351|3350|3352|5243|6331	22	7.000000	9.318182	78
Thrombosis	1551|25|1544|1545|1543|3815|6462|5243|9429|5159|2099|1576	12	30.500000	78.083333	63
Hypersexuality	1814|1644|1816|152|1812|1815|150|1813|151|3363|3357|3356|3351|3350|3352|3358	16	7.500000	10.375000	11
Epidermal necrosis	1559|1558|54600|7364|54575|5742|5743	7	18.000000	14.714286	9
Dysgeusia	1128|1551|1544|1557|5004|1133|1565|1131|7153|5243|1576|9429|1559|6532|3352|3358	16	6.500000	15.312500	287
Herpes zoster	3614|1557|1559|1565|9429|1576	6	8.000000	10.500000	76
Tardive dyskinesia	1128|1129|152|150|59340|3274|6532|6530|6531|1814|1815|1544|1812|1813|3362|3363|1565|147|151|5004|1133|1132|1131|1816|148|3354|3356|3351|3350|3352|3269|3359|3358|1557|1559|5243|1571|801|1576	39	7.000000	13.384615	36
Hallucination	1128|1129|152|155|2565|54600|5742|6532|3362|6530|6531|116444|3363|2569|1815|1544|1813|2561|2560|2563|2562|7364|1557|2567|2566|4985|4986|4988|1562|706|151|5004|1133|1132|1131|1816|10280|5243|3357|3356|3351|3350|3352|3269|3358|1551|2554|2555|2556|2557|1559|2559|2570|1565|54576|7363|1576	57	7.000000	9.964912	259
Faecal incontinence	1814|1815|152|1812|1813|3356|3352	7	11.000000	11.714286	45
Intraocular pressure increased	1128|1129|1131|2908|1132	5	10.000000	44.200000	39
Glossitis	1551|9356|1559|1558|54600|7364|5742|5743|1576	9	7.000000	10.888889	101
Photosensitivity reaction	1551|6833|1544|1557|1812|1813|1559|1558|1565|5742|5743|1636|1576|3356|9356	15	11.000000	12.933333	229
Hypersomnia	1128|151|152|150|6532|6530|6531|1814|1815|1544|1812|1813|3362|3363|1565|147|1133|1132|1131|1816|148|3354|3356|3351|3350|3352|3269|3359|3358|1551|1576	31	7.000000	8.290323	21
Choreoathetosis	1128|1129|152|150|6532|6530|6531|1814|1815|1816|1812|1813|3362|3363|1565|147|151|1133|1132|1131|148|3354|3356|3351|3350|3352|3269|3359|3358	29	7.000000	7.724138	20
Neutropenic sepsis	1806|7155|978|9429|81027|1890	6	14.500000	40.333333	12
Somnolence	1128|1129|152|150|54600|1548|6532|3362|6530|801|5243|3363|2569|1815|1544|1812|1813|2560|2563|2562|2565|1557|2567|2566|4985|4986|4988|1562|706|146|147|151|5004|1133|1132|1131|1816|148|3354|3357|3356|3351|3350|3352|3269|3359|3358|1551|2554|2555|2556|2557|1559|2559|2570|1565|1814|1571|1576	59	7.000000	12.050847	460
Renal impairment	1551|4831|3614|213|6565|1558|7364|54658|5243|9429|1559|5742|5743|4830|1244|185|9356	17	9.000000	26.235294	143
Drug abuse	4988|4985|1565|6530|4986	5	7.000000	12.400000	25
Paranoia	1128|1129|1268|2904|152|6532|6530|1814|1815|1544|1812|1813|3362|3363|4986|1565|151|1133|1132|1131|1816|148|3354|3356|3350|3352|3269|150|2903|3359|3358|2550|1576	33	7.000000	10.696970	67
Hepatitis	213|7153|196|59340|3274|5743|6532|1548|1544|1543|7364|3362|9429|1565|9356|5004|54658|5468|3358|1551|1557|1559|1558|5742|5243|1244|1576	27	7.000000	23.185185	266
Neutropenia	1633|9356|1636|3815|6565|54600|7153|5243|9429|6240	10	10.500000	23.400000	206
Apnoea	1139|3614|2898|2891|1137|316|6326|6336|2554|4985|6331|4986|4988	13	13.000000	13.307692	82
Tongue oedema	151|152|706|1814|1815|1544|1812|1813|3362|3363|1565|1132|1816|3354|3356|3351|3350|3352|3359|3358|1551|2554|1557|1559|1576	25	7.000000	9.200000	54
Sensory loss	1128|1129|152|3751|3752|59340|6532|6530|1544|1813|3362|3363|203068|146|147|5004|1133|1132|1131|148|3355|3356|3351|3350|3352|3269|3358|5243|6331	29	7.000000	14.965517	85
Blood cholesterol increased	1814|1815|152|1557|1812|1565|6462|3352|148|1576|3356|6532|6530|6531|3269|1551|3358	17	8.000000	12.058824	32
Body temperature decreased	151|1129|152|2904|116443|1814|1815|1544|1812|1813|873|3362|3363|4985|1565|147|1133|1132|1131|1816|3354|3356|3351|3350|3352|150|3359|3358|1551|2554|1557|1576	32	9.500000	11.875000	52
Back pain	1551|1559|7153|9429|1244|10599|1576	7	6.000000	19.571429	298
Neurotoxicity	1633|1728|4502|5422|7298|6647|6336|978|9429|540|203068|8714|1244|2030|6240|1318|2950|4489|538	19	9.000000	24.210526	30
Cellulitis	9429|978|1633|3614|2030	5	9.000000	10.600000	82
Ill-defined disorder	1551|1557|1559|1558|7364|54658|1548|1565|9429|5742|5243|7153|1576	13	7.000000	17.846154	339
Hyperinsulinism	1814|1815|151|152|1812|147|3356|3350|3352|3358	10	8.500000	9.200000	6
Sudden death	1128|1129|152|2904|3757|1814|1815|1816|1812|1813|3362|3363|1565|146|147|151|1133|1132|1131|148|3354|3356|3350|3352|3269|3359|3358|150|1806|5243|1571	31	7.000000	9.612903	47
Extrasystoles	1544|3614|6530|1559|54600|6531|5141|135|6532|5139|134|1565	12	8.500000	11.750000	84
Extrapyramidal disorder	1128|1129|152|155|2904|3757|59340|6532|6530|6531|1814|1815|1544|1812|1813|3362|3363|1562|1565|146|147|151|5004|1133|1132|1131|1816|148|3354|3357|3356|3351|3350|3352|3269|3359|3358|150|1557|1559|5243|6331|1551|801|1576	45	7.000000	13.933333	84
Nasopharyngitis	1814|1815|151|1803|1812|1565|4985|1551|1576	9	11.000000	11.222222	172
Acute coronary syndrome	1551|1544|1545|1636|3815|1559|6579|7153|5243|9429|5742|5743|6532|1244|6530|3352|3351|10599|1576	19	7.000000	18.789474	226
Eosinophilia	1544|213|1812|1813|1559|1132|1133|1557|3362|3363|59340|3354|3356|1565|240|6565|9356|3358|3350	19	7.000000	17.842105	188
Movement disorder	1128|151|152|150|6532|1814|1815|1816|1812|1813|3363|6326|1565|147|148|3354|3356|3351|3350|3352|3269|3359|3358|1551	24	6.500000	7.916667	29
Diabetic ketoacidosis	151|1129|152|150|1814|1815|1816|1812|1813|3362|3363|1565|147|1133|1132|1131|148|3354|3356|3351|3350|3352|3269|3359|3358	25	7.000000	8.040000	8
Aplastic anaemia	6833|3758|768|771|213|1557|6584|762|1559|760|7364|54575|5742|5743|6565|759|55867|9356	18	9.000000	19.333333	124
Eczema	1559|3354|5159|1576|3815	5	12.000000	35.000000	138
Vaginal haemorrhage	1551|1544|1557|1559|5241|2100|2099|1576	8	29.000000	63.875000	74
Diabetes mellitus	1814|1815|152|1557|1559|5243|1565|9429|1551|1576	10	7.000000	10.200000	127
Depressive symptom	1544|1558|1565|3363|3356|6532|6530|6531|1576	9	7.000000	9.777778	17
Bladder pain	1557|1559|1558|7364|1565|5743|1576	7	12.000000	14.714286	126
Pallor	151|1815|152|3614|1812|150|148|147|3352	9	9.000000	8.777778	86
Syncope	151|152|54600|6532|1814|1815|1544|1812|1813|2561|2560|7364|3362|3363|4986|1565|146|147|5004|1816|148|54658|3356|3351|3350|3352|3359|3358|1551|1636|1557|1559|5243|6331|1576	35	7.000000	10.171429	338
Migraine	1551|1559|5241|5243|1565|9429|2099|1576	8	9.500000	49.500000	155
Pelvic pain	1551|1557|1559|5243|9429|6532|2099|1576	8	9.500000	47.250000	58
Mucosal inflammation	5159|2322|2321|1545|5422|81027|2324|7153|3815|3791|5243|5156|9429|1633|1244|6240|7150|2950|1436|471	20	25.000000	46.750000	52
Hypersensitivity	1551|1559|9429|1244|1576	5	6.000000	6.800000	547
Hirsutism	1588|6462|2908|5241|5243|367|2099|1576	8	52.000000	107.875000	58
Myoclonus	1128|1129|152|150|6532|6530|6531|1814|1815|1816|1812|1813|3362|3363|4986|4988|1565|147|151|5004|1133|1132|1131|148|3354|3356|3350|3352|3269|3359|3358|1551|6331|1576	34	7.000000	8.323529	62
Ovarian cyst	2475|5241|1565|6530|2099|1576	6	31.500000	71.166667	18
Drug withdrawal syndrome	1128|1129|152|155|150|3751|3752|6532|2567|6530|6531|3363|2569|1816|1813|2561|2560|2563|2562|2565|3362|2566|6326|4985|4986|4988|1562|1565|146|147|151|5004|1133|301|1131|148|5243|3356|3350|3352|3269|3358|1551|2554|2555|2556|1132|2570|1814|1571|1576	51	8.000000	11.156863	45
Pollakiuria	1128|150|152|6532|6530|1814|1815|1544|1813|7364|3362|3363|1565|775|147|776|5004|1133|1131|779|148|3356|146|3350|3352|3269|3358|1551|1557|783|1559|1558|5243|3351|1576	35	7.000000	9.828571	207
Musculoskeletal discomfort	1551|7498|1545|1636|1557|1559|1558|1544|5243|316|9429|1633|1244|2030|10599|1576|1565	17	7.000000	11.411765	427
Osteoarthritis	1551|1544|1557|1559|1558|706|3358|1565|1548|3363|9429|3354|3351|5243|3352|1562|1576	17	6.000000	8.529412	160
Blunted affect	1128|1814|151|152|1812|1815|150|1813|148|1565|147|3356|3350|3352|3269|3358	16	8.500000	9.625000	5
Respiratory acidosis	3614|3615|54600|54658|54576|54577	6	6.000000	11.166667	6
Trismus	1128|1814|1812|1813|148|3356|6532|3269|1565	9	9.000000	10.333333	27
Eye haemorrhage	1128|5148|5149|1559|1576|3354|54577|3351|3352|2159|1565	11	7.000000	10.363636	43
Tongue paralysis	1814|1815|151|152|1812|1813|150|148|147|3356|3350|3352|3269|3358	14	9.500000	10.642857	5
Blood uric acid increased	25|7498|6557|3614|3615|3815|2030|7153|6559|5243|5422|9429|1633|185|6240|2950	16	17.500000	42.187500	109
Necrosis	1545|1728|7155|7153|5243|9429|1579|8714|1244|2944|2950	11	9.000000	23.363636	69
Opisthotonus	1814|1815|1544|152|1812|1813|150|3360|147|148|1565|54576|151|3350|3352|3269|801|3359|3358|3356	20	10.500000	20.650000	18
Parkinsonism	1128|151|152|150|6532|1814|1815|1544|1812|1813|3362|3363|1565|147|1133|1132|1131|1816|148|3354|3356|3351|3350|3352|3269|3359|3358|5243|801	29	7.000000	14.965517	44
Cyst	28234|25|1545|1583|5422|9429|2099|1576	8	21.000000	87.375000	56
Pancreatitis	5159|6579|213|54600|5742|5743|1544|6557|1636|2328|7364|6559|9429|760|9356|3815|54658|55867|1551|1803|1557|1559|1558|5243|1244|10599|1576	27	7.000000	20.629630	208
Water intoxication	1814|1815|151|152|1812|1813|150|148|3354|147|3356|3350|3352|3269|3358	15	9.000000	10.133333	9
Bone pain	1551|1633|2224|5243|978|9429|8647|8856|1576	9	12.000000	11.666667	101
Anterograde amnesia	2569|1551|2554|2555|2556|2557|2561|2560|706|2562|2565|2567|2566|2570|2559|1571|1576|2563	18	8.000000	9.444444	10
Rhabdomyolysis	5159|1815|1544|1557|3815|1559|1558|54658|5243|1565|9429|3354|6326|1244|185|10599|1576|3156	18	7.000000	17.833333	95
Libido increased	1814|1815|1816|152|1812|1813|150|151|1565|148|1576|3357|3356|3351|3350|3352|6532|3363|3358	19	7.000000	8.789474	56
Disinhibition	2554|2555|2556|2561|706|2562	6	11.000000	11.333333	10
Acute leukaemia	7498|1728|2938|7150|9429|1244|2944|2950	8	5.000000	30.625000	22
Aggression	151|150|152|706|6532|6530|6531|3363|2569|1815|1544|1812|1813|2561|2560|2563|2562|2565|1557|2567|2566|1565|147|1816|148|3356|3351|3350|3352|3358|2554|2555|2556|2557|2559|2570|1814|1576	38	8.000000	10.421053	96
Electrocardiogram T wave inversion	151|150|152|1812|1815|4535|1131|27032|2890|148|3358|147|1814|3350|3352|3736|513|3359|1565|3356	20	10.000000	13.250000	15
Electrocardiogram QT prolonged	1128|1129|152|150|6532|1814|1815|1544|1812|1813|3362|3363|1565|147|151|3815|1133|1132|1131|1816|148|3354|3356|3351|3350|3352|3269|3359|3358|1551|1557|5243|1576	33	8.000000	11.272727	55
Atrioventricular block	1128|1129|153|152|155|154|150|3751|3752|3757|3274|6532|6583|1814|1815|1544|1812|1813|3362|3363|1565|146|147|151|5004|1133|1132|1131|148|3354|3356|3351|3350|3352|3269|3359|3358|1557|5243|6336|6331	41	7.000000	10.146341	103
Renal failure acute	28234|1636|7153|5243|9429|1244|10599	7	5.000000	19.285714	137
Orgasm abnormal	6532|6530|6531|6716|6715|1565	6	7.000000	10.500000	11
Pruritus	6565|1559|213|5243|1576	5	12.000000	40.800000	583
Stupor	1551|706|2554|1576|3352	5	6.000000	8.200000	72
Adenocarcinoma	1814|1815|151|152|1812|1565|3356|3350|3352|3358	10	7.000000	8.200000	6
Neoplasm malignant	1551|5159|1545|3815|2280|9429|1576	7	23.000000	32.571429	81
Dysphemia	1128|1129|152|150|59340|1814|1815|1816|1812|1813|2328|3362|3363|6323|147|151|1133|1132|1131|148|3354|3356|3351|3350|3352|3269|3359|3358|1557	29	7.000000	10.620690	6
Grand mal convulsion	1814|1815|1812|1813|148|1565|3356|6532|3350|1551|100|3359|3358	13	9.000000	10.153846	44
Intestinal ulcer	3615|54600|7364|1066|54575|5742|5743|5320|9356	9	18.000000	15.111111	12
Erythema nodosum	1545|1559|7153|5241|5243|240|2100|2099	8	40.500000	75.500000	35
Salivary hypersecretion	1128|1129|152|150|706|3363|1814|1815|1544|1812|1813|2561|4535|43|3362|2566|1565|1133|1132|1131|1816|3354|3356|3351|3350|3352|3269|3359|3358|1551|1571|2554|1557|27032|2890|5243|513|1576	38	9.000000	12.447368	108
Cystitis	1557|1559|1558|1565|5743|1576	6	9.500000	13.166667	115
Carbon dioxide increased	4535|2890|5731|27032|3736|513	6	15.000000	22.833333	9
Hypokinesia	151|150|152|706|1548|1814|1815|1816|1812|1813|3362|3363|54600|147|148|3354|3357|3356|3351|3350|3352|3269|3359|3358|1551|2554|1557|1559|5243|1565|6330|6331|1576	33	7.000000	8.636364	69
Oliguria	213|54600|7364|54658|5742|5743	6	20.000000	39.166667	82
Mental disability	2570|3614|706|6532|2567|2569|2561|2560|2563|2562|2565|1557|1548|2566|4986|1565|3357|3351|3352|3358|1551|2554|2555|2556|1559|5243|54576|1571|1576	29	8.000000	9.689655	128
Apathy	3614|1557|3352|1565|3354|6532|6531|1576	8	7.000000	9.375000	64
Eructation	1551|1544|1557|1559|1558|54600|7364|5243|1565|54575|5742|5743|3352|1576	14	14.500000	14.571429	106
Pulmonary haemorrhage	1436|1551|1557|5148|5149|5243|5156	7	21.000000	22.714286	19
Diplopia	2562|2565|706|6532|5243|7153|2569|1544|2561|2560|2563|7363|7364|1557|2567|2566|6326|1562|54600|6329|774|1551|2554|2555|2556|2557|1559|1558|2570|1565|54576|6331|2559|1576	34	8.500000	14.117647	163
Muscle rigidity	1128|1129|152|150|59340|801|3736|1814|1815|1816|1812|1813|4535|3362|3363|4985|4986|4988|1565|147|151|1133|1132|1131|148|3354|3356|3351|3350|3352|3269|3359|3358|1551|27032|2890|513	37	8.000000	16.027027	51
Major depression	3356|6532|1565|6530|6531	5	6.000000	7.800000	22
Breast pain	1814|1565|5241|5243|3363|2099|1576	7	14.000000	56.285714	93
Tenderness	1551|1544|1545|1543|2100|1558|1548|1956|5243|6715|2099|213	12	29.500000	88.750000	70
Menstrual disorder	1814|1557|5243|1565|6532|3352|1576	7	12.000000	12.285714	66
Glycosuria	1814|1815|1544|6557|9356|1812|1813|762|760|2908|6559|3356|3352|152|759	15	7.000000	21.733333	88
Mood swings	1551|1545|1557|1559|1558|7363|5241|5243|1565|9429|2099|1576	12	14.500000	40.250000	171
Dysphagia	1128|5159|1544|1545|1557|1812|1815|1131|1813|7153|5243|1576|9429|3354|1814|3351|6331|3352|1551|1565|3356	21	12.000000	20.666667	187
Lethargy	151|2569|152|2570|1812|1813|2563|2565|5243|3358|1815|1814|6532|2567|1551|1576|1565|3356|3350	19	7.000000	8.947368	158
Oedema peripheral	1551|1559|1576|1812|1565	5	7.000000	7.600000	247
Muscular weakness	1551|1544|1557|1559|1558|706|2328|7364|54658|5243|1565|9429|5465|1244|3352|10599|1576|6331	18	6.500000	12.388889	193
Ulcer	213|1559|7155|7153|5243|9429|5743|2030	8	19.500000	47.500000	94
Haematuria	9356|1557|1559|64805|7153|5742|5743	7	18.000000	25.714286	228
Dementia	1814|1815|1544|2328|150|1559|1565|6579|151|1579|1576|9429|3354|3357|152|3352|2100|2099|3358|3356	20	6.500000	26.000000	38
Renal tubular necrosis	2475|3614|3615|2280|54600|54658|54577	7	9.000000	18.000000	20
Somnambulism	1814|1815|1816|152|2554|1812|2556|150|706|151|3362|3363|3354|3356|3351|3350|3352|1551|3359|3358|2555	21	7.000000	7.571429	13
Yawning	4986|3357|4985|6530|3352|4988|3351|1565|6532	9	6.000000	9.555556	35
Hypertriglyceridaemia	1551|1559|5243|1565|6257|1576	6	9.500000	18.000000	55
Haemorrhage	1551|213|1559|54600|9429|5743	6	6.500000	34.500000	244
Conjunctivitis	1551|1559|9429|1576|1558	5	7.000000	7.200000	232
Myopathy	1551|1244|1557|4831|4830|6579|5243|1565|9429|3354|3156|1558|10599|1576|1559	15	7.000000	15.933333	72
Tachycardia	1128|1129|152|135|150|134|59340|6532|6530|6531|1814|1815|1544|1812|1813|3362|3363|4986|4988|1565|775|147|151|6580|1133|1132|1131|1816|148|3354|3357|3356|146|3350|3352|3269|3359|3358|1551|1557|1559|5243|3351|1571|1576	45	7.000000	9.133333	408
Priapism	1128|1129|152|150|3757|6532|1814|1815|1544|1543|1812|1813|2328|3362|3363|1133|367|8654|146|147|151|5148|5149|90134|1132|1131|1816|148|3354|3356|3351|3350|3352|3269|3359|3358|5004|1557|1565|50632	40	7.500000	15.375000	49
Miosis	146|147|3757|4985|148|4986|4988|1565	8	10.500000	12.125000	44
Hostility	706|3269|6532|2567|6530|6531|5243|116444|3363|2569|1815|1816|2561|2560|2563|2562|2565|1557|3362|2566|1562|1814|3354|3356|3350|3352|6529|3359|3358|1551|2554|2555|2556|1559|1558|2570|1576	37	7.000000	8.675676	50
Breast tenderness	1588|1545|6462|5241|367|6715|2099|1576	8	40.500000	88.250000	26
Blindness cortical	7498|1728|6647|5243|1318|9429|538|540|8714|1244|4502|2944|2950|4489|4353	15	5.000000	11.266667	6
Abnormal dreams	1551|1544|1557|1559|5243|1565|6532|1576	8	9.500000	13.500000	109
Tremor	1128|152|706|59340|6532|6530|6531|1814|1815|1544|4128|1813|7364|3362|3363|4986|4988|1562|54600|147|1133|1132|4129|148|3354|3356|3351|3350|3352|3269|3359|3358|1551|1557|1559|1558|5243|1565|54575|6331|1576	41	7.000000	11.365854	324
Renal failure	5159|213|54600|1786|5742|5743|1545|1636|7153|9429|185|9356|3815|54658|1633|55867|1551|6565|1558|5243|1559|1579|1244	23	7.000000	27.956522	219
Loss of consciousness	152|54600|6532|1814|1815|1544|1636|7364|3362|3363|4986|4988|1565|146|147|5004|1816|54658|3356|3351|3350|3352|3359|3358|1551|1557|1559|1558|5243|6331|1576	31	7.000000	9.645161	347
Hyperkinesia	1128|1129|152|6532|6530|1814|1815|1544|1812|1813|1548|3363|4986|1562|1565|1133|1132|1131|3354|3356|3351|3350|3352|3269|3358|1551|2554|2898|1557|1558|2891|5243|1576	33	7.000000	9.939394	127
Anxiety	1551|1544|1545|1557|1559|1558|3352|54658|1548|3358|3356|6532|5243|6530|6531|3351|3350|3359|1576|1565	20	7.000000	10.650000	366
Anaphylactic shock	1544|213|6565|1558|7153|54658|5243|9429|1559|5742|5743|8714|1244|10599|55867|9356	16	6.000000	24.312500	377
Dysphoria	6530|4986|4985|6532|6531|4988|1565	7	7.000000	10.857143	35
Carbohydrate tolerance decreased	301|6462|6579|2908|5243	5	53.000000	76.000000	10
Nocturia	1551|776|1557|783|1559|5243|1565|6532|1576	9	6.000000	9.555556	98
Medication overuse headache	3355|4128|3351|3350|3352	5	8.000000	14.000000	5
Mental disorder	1814|1551|1576|5243|1565	5	12.000000	10.200000	289
Optic neuritis	25|7498|1545|6462|2908|5243|9429|1579|2099	9	30.000000	99.888889	56
Sepsis	25|1545|3614|3615|3815|7298|7153|54658|5243|978|9429|1633|2030	13	21.000000	49.076923	115
Respiratory depression	1571|2562|4988|213|2561|2560|54600|7363|7364|2890|27032|2554|5742|4985|4986|513|3736|1562|4535|116443	20	17.500000	24.800000	75
Uterine leiomyoma	1544|1545|5241|6532|2100|2099	6	40.500000	82.166667	18
Neurological symptom	1728|6647|6336|1318|540|4502|2944|2950|4489|538	10	7.000000	13.300000	25
Muscle relaxant therapy	1814|1815|1816|152|1812|1813|150|706|3352|151|316|1576|6326|3356|6331|4986|1551|2550|3358|1565	20	7.000000	10.300000	46
Anger	706|6532|6530|6531|2569|2561|2560|2563|2562|2565|2567|2566|6323|1551|2554|2555|2556|2557|2559|2570|1571|1576	22	8.000000	11.909091	27
Akinesia	1128|1129|152|150|59340|1814|1815|1544|1812|1813|3362|3363|1565|147|151|1133|1132|1131|1816|148|3354|3356|3351|3350|3352|3269|3359|3358|1551|1557|5243	31	7.000000	9.322581	24
Amnesia	2569|1551|2555|1557|1559|2560|706|2565|2556|2567|1565|3354|7364|2570|1558|5243|1576|2563|6331	19	8.000000	10.105263	155
Sexual dysfunction	1551|5243|1565|6532|6530|1576	6	6.000000	8.166667	52
Dry mouth	1128|1129|152|150|706|59340|6532|6530|6531|1814|1815|1544|1812|1813|7364|3362|3363|4986|4988|54600|146|147|151|5004|1133|1132|1131|1816|148|54658|3357|3356|3351|3350|3352|3269|3359|3358|1551|1557|1559|5243|1565|801|1576	45	7.000000	13.133333	373
Epistaxis	1551|213|1557|3815|1559|1558|64805|5243|1565|9429|3352|1576	12	7.000000	27.250000	229
Faecalith	1128|1129|152|150|1814|1815|1812|1813|3362|3363|4985|4986|4988|1565|151|1133|1132|1131|3354|3356|3351|3352|3359|3358|54576	25	7.000000	9.480000	18
Neoplasm	5159|3815|9429|367|2099|1576	6	76.500000	113.000000	123
Conduction disorder	146|1129|3752|152|5004|1133|1132|1131|1813|148|1565|3751|147|3362|10280|6530|3269|5243|3358|3356|3350	21	7.000000	8.333333	15
Opportunistic infection	1633|6579|5422|9429|1244|1576	6	8.500000	14.333333	37
Tension	1128|706|5742|6532|5243|6530|6531|116444|2569|1544|1636|2560|2563|2565|1557|2567|2566|1565|148|3269|2554|2555|2556|1559|1558|2570|54575|1576	28	8.000000	10.464286	309
Tinnitus	152|5742|5743|6532|1544|3362|1562|1565|5004|3356|3351|3350|3352|3269|3358|1551|1557|1559|1558|5243|6331|1576	22	7.500000	10.954545	275
Electrocardiogram change	1814|1815|151|152|1813|3362|59340|3354|3350|3352|5243|3359|3358	13	6.000000	8.000000	25
Insomnia	1814|1551|1544|154|1557|1813|1559|1558|3352|1565|5243|1576|147|3356|6532|6530|6531|3351|3358	19	8.000000	13.894737	446
Anorgasmia	1814|1815|152|1812|148|1565|3356|6532|3350|6530|3352|3269|1551|1576	14	7.500000	8.428571	23
Urinary retention	1128|1129|152|2904|3751|3752|59340|6532|6530|6531|1814|1815|1544|1812|1813|3362|3363|6326|4985|4986|4988|1562|1565|146|147|151|5004|1133|1132|1131|1816|148|3354|3356|3350|3352|3269|2903|3359|3358|150|1557|5243|6331|1551|1576	46	7.000000	10.913043	180
Endometrial cancer	1588|1545|5241|2100|2099|1576	6	40.500000	83.333333	16
Cough	1551|1633|1636|1559|1558|54658|5243|1565|9429|1576	10	6.500000	7.900000	338
Respiratory arrest	4988|6336|3359|4985|4986	5	7.000000	11.600000	36
Paraesthesia	1551|1636|1559|1558|1565|5243|1576|9429|3362|6532|1244|3352|3351|3358|3350	15	6.000000	7.000000	434
Blood thyroid stimulating hormone increased	1551|2322|2321|2324|3815|3791|9429|1244|5159|10928	10	20.500000	31.600000	9
X-linked lymphoproliferative syndrome	2280|2475|54577|3614|3615	5	23.000000	24.400000	9
Nasal congestion	1128|151|152|150|59340|1814|1815|1816|1812|1813|3362|3363|146|147|1131|148|3356|3350|3352|3269|3358|801	22	7.500000	16.954545	144
Gastritis	1551|1557|1559|1558|2224|54658|1565|9429|5742|5743|3352|1576	12	7.000000	10.500000	185
Rhinitis	1636|1559|1558|5243|9429|185|1576	7	7.000000	11.000000	252
Mydriasis	1128|1129|155|3751|3752|59340|6532|6530|6531|1813|7363|3362|3363|4988|1565|5004|1133|1132|1131|148|3356|3350|3269|3358|1557|1576	26	7.500000	9.384615	86
Hypertension	151|150|152|54600|59340|6532|6530|6531|1814|1815|4129|1545|1812|1813|3362|3363|9429|1816|1565|146|147|5004|1133|1544|148|3356|3350|3352|3359|3358|1551|1557|1559|1558|5243|1576	36	7.000000	10.500000	359
Tongue discolouration	1128|1129|152|155|6532|6530|6531|1816|1813|3362|3363|1565|146|147|5004|1133|1132|1131|148|3356|3350|3269|3359|3358	24	6.000000	7.083333	46
Diabetic hyperglycaemic coma	1128|1129|152|150|1814|1815|1816|1812|1813|3362|3363|1565|147|151|1133|1132|1131|148|3354|3356|3351|3350|3352|3269|3359|3358	26	7.000000	7.846154	5
Pericardial effusion	1436|25|3614|3815|5156|9429|54577|5159	8	28.000000	66.000000	36
Incontinence	2569|2561|2560|2563|2562|2565|2570|2566|2567	9	12.000000	11.111111	35
Asthenia	1551|1557|5004|1559|1558|3352|54658|5243|1565|9429|3351|3350|1132|1576	14	6.500000	8.428571	578
Jaundice cholestatic	6833|768|771|213|1636|1559|760|6559|6462|3156|367|2099|759|9356	14	9.500000	56.571429	93
Hepatic failure	1551|1576|9356|1557|1559|7364|7153|54658|5243|2890|9429|54575|5742|5743|1244|27032|6240|3736|513|10928|1565	21	17.000000	19.428571	152
Hangover	2569|2554|2555|2556|2557|2561|2559|706|2562|2565|2567|2566|2570|2560|2563	15	8.000000	9.933333	19
Sleep disorder	154|706|6532|2570|2569|1544|4128|2561|2560|2563|2565|2567|2566|1565|3351|3350|3352|1551|2555|1557|1559|2556|5243|1576	24	8.500000	13.875000	138
Tenosynovitis	1128|1557|1559|1131|1565|3354|6532|1576	8	6.500000	9.000000	28
Rectal haemorrhage	1557|1559|1558|7364|5243|9429|3354|5742|5743|1576	10	14.500000	14.300000	97
Blood creatine phosphokinase increased	25|1557|1559|1565|9429|3354|5465|3156|185|10599|1576	11	12.000000	40.818182	67
Withdrawal bleed	5241|6462|6580|2099|2100	5	53.000000	96.600000	4
Ejaculation disorder	1128|1129|152|150|3269|6532|6530|6531|116444|1814|1815|1816|1812|1813|3362|3363|1565|147|151|5148|5149|1133|1132|1131|148|3354|3356|3351|3350|3352|6716|6715|3359|3358|1557|1576	36	8.000000	10.000000	40
Hyperglycaemia	1551|1544|6557|1557|1559|1558|54658|1565|1633|1576	10	7.000000	11.400000	225
Dysmenorrhoea	1814|1815|1544|1812|3352|3358|3354|3351|6531|6532|2099|1576	12	8.000000	34.000000	93
Erythema multiforme	1551|1544|1244|213|1557|3815|6565|1558|6579|54658|5243|9429|1559|5742|5743|8714|8913|9356|1576|55867|1543	21	7.000000	20.904762	268
Pain	1551|1633|1559|54658|5243|9429|1244|1576	8	6.500000	8.750000	455
Peliosis hepatis	3251|1588|2099|6462|367	5	53.000000	123.600000	9
Transient ischaemic attack	5159|2322|2321|1636|5148|2324|5149|3791|3815|3352|8654	11	26.000000	31.363636	42
Infection	1545|1559|1558|2908|54658|9429|1633|1576	8	9.500000	33.750000	359
Cyanosis	1551|1815|3354|3351|3350|3352|6331	7	7.000000	8.142857	61
Bleeding time prolonged	9356|1559|54600|7364|5742|5743	6	12.500000	12.166667	22
Polydipsia	151|1129|152|150|1814|1815|1816|1812|1813|3362|3363|147|1133|1132|1131|148|3354|3356|3351|3350|3352|3269|3359|3358	24	7.500000	8.291667	23
Vision blurred	1128|1129|1544|1813|1133|1132|1131|147|3362|1565|3269|5742|3356|6532|5243|6530|148|1551|1562|3358	20	7.500000	9.800000	325
Hyperkalaemia	213|1636|27032|2890|185|513	6	22.500000	42.833333	99
Glaucoma	1128|150|1816|152|1557|1812|1813|2908|1565|3356|6532|6530|6531|1576	14	9.500000	23.857143	77
Purpura	1544|213|1557|1559|760|6559|5243|5742|5743|6532	10	17.500000	31.100000	160
Delirium	1128|1129|152|6532|6530|6531|1814|1815|1816|1812|1813|3362|3363|4986|1565|147|151|5004|1133|1132|1131|148|3354|3356|3350|3352|3269|3359|3358|1551|1557|5243|1576	33	7.000000	8.303030	88
Visual impairment	1551|1544|1543|1557|1559|1558|54600|1548|1565|54576|3351|5243|1576	13	8.000000	13.307692	265
Urinary incontinence	1814|1815|151|152|3614|1551|1812|150|1565|706|148|3358|3354|3356|3350|3352|5243|3359|1576	19	7.000000	8.473684	121
Amblyopia	1557|1558|7364|54658|5243|6326|54576|1576|6329	9	12.000000	14.222222	84
Hepatotoxicity	7498|1544|316|9429|1244|2950	6	12.500000	13.833333	83
Agitation	1128|1129|152|6530|150|1814|706|6531|6532|1548|135|134|5243|116444|3363|116443|2569|1815|1544|4128|1812|1813|2561|2560|2563|2562|2565|1557|2567|2566|4985|4986|4988|1562|1565|147|6584|1133|1132|1131|4129|148|3354|3362|3351|3350|3352|3269|3359|3358|1551|2554|2555|2556|2557|1559|2559|2570|3356|1571|1576	61	8.000000	10.721311	339
Ataxia	1128|152|7153|706|1548|6532|2567|6530|5243|3363|2569|1815|1544|1813|2561|2560|2563|2562|2565|1557|3362|2566|1565|1139|5004|1133|1132|1137|1816|3354|3357|3356|3351|3350|3352|3269|3359|3358|2555|1551|2554|2898|2556|2557|1559|18|2891|2570|6331|2559|1571|1576	52	7.000000	11.076923	183
Hypercapnia	4535|2890|5731|27032|3736|513	6	15.000000	22.833333	9
Ventricular tachycardia	1128|1129|152|150|3751|3752|3757|6532|5139|1814|1815|1544|1812|1813|2328|3362|3363|1565|147|5004|1133|1132|1131|148|3356|3351|3350|3352|3269|3358|1551|1557|5243|1576	34	8.500000	10.264706	109
Progressive multifocal leukoencephalopathy	2280|54577|3614|3615|5422	5	23.000000	21.600000	10
Sinusitis	1551|1557|1559|1558|7364|5243|1565|9429|10599|1576	10	7.000000	10.900000	241
Binge eating	1814|1815|1816|151|1812	5	7.000000	8.200000	6
Hot flush	1551|1545|1557|7153|5243|1565|2099|1576	8	23.000000	61.875000	140
Intestinal obstruction	151|150|152|1814|1815|1812|7150|9429|81027|1565|1132|1131|3354|3356|3351|3350|3352|3359|3358|1551|7277|5243|1576	23	8.000000	26.956522	54
Blood potassium decreased	2322|2321|2324|3791|3815|7153	6	37.000000	45.833333	23
Hyperaesthesia	1551|9429|1559|7153|5243|3355|3351|1576	8	7.500000	19.625000	77
Cardiotoxicity	7498|1545|7153|7155|5447|5243|978|9429|2030	9	17.000000	27.333333	17
Drug withdrawal syndrome neonatal	151|150|152|1814|1815|1816|1812|1813|3362|3363|1565|147|1133|1132|148|3354|3356|3351|3350|3352|3269|3359|3358|1551|1576	25	7.000000	7.800000	10
Petechiae	25|1545|1557|1133|1558|5243|978|9429|1559|1633|6532|1244|6530|1562|5422|3358|6331	17	7.000000	30.882353	83
Dry skin	1128|1551|1545|1557|3815|1559|1131|5243|1565|9429|5159|6257|1576	13	12.000000	25.923077	170
Hypoglycaemia	1551|6833|1803|213|1812|1559|1557|5243|1565|5468|1576	11	12.000000	31.727273	154
Polyp	28234|25|1545|3815|5422|9429|1576	7	30.000000	66.571429	48
Oculogyric crisis	1128|1129|152|150|1814|1815|1816|1812|1813|3360|873|3362|3363|1565|147|151|1133|1132|1131|148|3354|3356|3351|3350|3352|3269|3359|3358|1551|1644|801	31	8.000000	14.967742	33
Neuropathy peripheral	1551|1544|1633|1557|3815|1559|1558|54658|5243|1565|9429|1244|2030|1576	14	7.000000	14.928571	229
Hepatitis B	4831|4830|54577|3614|3615	5	30.000000	34.000000	12
Lactic acidosis	1633|9356|4831|4830|2030|3177|5053	7	15.000000	23.857143	19
Lymphoproliferative disorder	2280|2475|54577|3614|3615	5	23.000000	24.400000	9
Peripheral coldness	151|153|154|6531|3351|6530|3352|6532|1565	9	6.000000	11.777778	43
Abdominal pain	1551|1559|7153|7364|5243|1565|9429|1558|1576	9	7.000000	20.111111	502
Febrile neutropenia	5159|5156|2944|25|7498|1545|7155|6647|7153|978|9429|540|8714|2030|6240|81027|3815|7298|1318|1633|4502|2950|1436|1806|7277|1728|5243|5422|7150|471|1244|2356|4489|538	34	19.000000	43.764706	57
Myositis	1551|1559|185|1576|1558	5	7.000000	11.400000	41
Retrograde ejaculation	1814|1815|1812|5004|148|147|3356|3350|3269	9	10.000000	10.222222	8
Periorbital oedema	1436|25|1815|1565|3815|5156|1814|3351|3352|5159|1576	11	14.000000	51.181818	32
Ectropion of cervix	10599|6462|6579|53919|2100|2099	6	28.500000	72.666667	5
Neuroleptic malignant syndrome	1128|1129|152|150|59340|6532|6530|6531|1814|1815|1544|1812|1813|3362|3363|1565|146|147|151|1133|1132|1131|1816|148|3354|3357|3356|3351|3350|3352|3269|3359|3358|1557|5243|801	36	7.000000	14.027778	49
Suicide attempt	1814|1815|151|152|1557|3352|1565|3354|3356|6532|6530|6531|3358	13	6.000000	8.692308	50
Alanine aminotransferase increased	1551|5159|1545|1557|3815|1559|54658|5243|1565|9429|1576	11	12.000000	23.909091	157
Protrusion tongue	1128|1814|1812|1813|3356|801|1565	7	14.000000	37.428571	15
Tongue disorder	1128|1814|1544|1557|1815|1565|1131|1816|1576|3354|3356|6532|3350|3352|3358	15	7.000000	10.666667	72
Derealisation	1128|706|2555|2556|6530	5	6.000000	6.000000	10
Urine output increased	1551|1557|1559|1565|3354|3352|1576	7	6.000000	9.285714	129
Torsade de pointes	1128|1129|152|2904|3751|3752|3757|59340|6532|6530|1814|1815|1544|1812|1813|7153|3362|3363|1565|146|147|151|5004|1133|1132|1131|1816|148|3354|3356|3351|3350|3352|3269|3359|3358|150|1557|5243|1551|1576	41	7.000000	12.414634	73
Tubulointerstitial nephritis	1544|213|6584|1559|7364|7153|5742|5743|1244|55867|9356	11	18.000000	34.727273	81
Erectile dysfunction	1128|1129|153|152|150|6532|6530|6531|1814|1815|1544|2326|1812|1813|3359|7364|3362|3363|367|9254|775|147|151|776|5004|1133|1132|1131|779|1816|148|54658|3354|3356|146|3350|3269|6583|3358|1551|1636|1557|783|1559|1558|5243|1565|8912|1576	49	6.000000	12.918367	226
Obesity	1128|1814|1816|152|1812|1815|1133|1132|151|3362|3354|147|3356|3351|3350|3352|150|3358	18	6.500000	7.500000	20
Skin disorder	1551|9429|1576|5243|1565	5	6.000000	8.200000	386
Pneumonia aspiration	1814|1815|151|152|1812|150|1813|3362|3354|147|3356|6323|148|3352|3269|3350|3359|3358|6331	19	9.000000	12.947368	16
Pleural fibrosis	1814|1815|1816|152|1812|1813|150|151|148|3357|3356|3351|3350|3352|3358	15	8.000000	9.733333	4
Galactorrhoea	1128|1129|152|155|150|59340|3274|6532|6530|6531|2099|1814|1815|1544|1812|1813|3362|3363|1565|146|147|151|5004|1133|1132|1131|1816|148|3354|3356|3351|3350|3352|3269|3359|3358|1551|1557|1559|5241|5243|1576	42	7.000000	16.500000	66
Malaise	1551|1557|1559|1558|7364|54658|1548|1565|9429|5243|7153|1576	12	7.000000	17.833333	346
Gastrointestinal disorder	1551|1559|1558|5243|1565|9429|1576	7	7.000000	7.857143	442
Affect lability	1551|1545|1557|1559|7363|5241|5243|1565|6531|1576	10	14.500000	18.300000	163
Parosmia	1551|1557|1559|1558|5243|1565|1576	7	7.000000	11.428571	58
Throat tightness	1128|1129|152|150|59340|1814|1815|1544|1812|1813|3362|3363|1565|147|151|1133|1132|1131|1816|148|3354|3356|3351|3350|3352|3269|3359|3358|5243|50632|801	31	7.000000	14.419355	39
Bundle branch block	1128|1129|152|150|3751|3752|3757|6532|6530|1814|1815|1816|1812|1813|7153|3362|3363|1565|146|147|151|5004|1133|1132|1131|148|3354|3356|3350|3352|3269|3358|6331|1576	34	7.000000	11.088235	45
Accommodation disorder	1128|1129|152|155|150|3751|3752|6532|6530|6531|1814|1815|1816|1813|3362|3363|1565|146|147|5004|1133|1132|1131|148|3357|3356|3351|3350|3352|3269|3359|3358|1557|5243	34	6.500000	8.470588	55
Dysarthria	1128|1129|152|7364|54600|6532|2567|5243|3363|2569|1815|1544|1812|1813|2561|2560|2563|2562|2565|1557|3362|2566|6323|4986|1562|706|1814|1133|1132|1131|148|3354|3356|3351|3350|3352|3269|3359|3358|1551|2554|2555|2556|2557|1559|2559|2570|1565|6331|1576	50	8.000000	10.880000	102
Faecaloma	1128|1129|152|150|1814|1815|1812|1813|3362|3363|4985|4986|4988|1565|151|1133|1132|1131|3354|3356|3351|3352|3359|3358|54576	25	7.000000	9.480000	18
Meningitis aseptic	213|1559|1558|7364|5742|5743|55867|9356	8	12.500000	31.125000	21
Xanthopsia	768|6557|771|762|760|6559|759	7	3.000000	5.571429	13
Muscle spasms	1814|1815|1544|1557|1812|1559|1558|54658|5243|1565|9429|1244|3352|1551|10599|1576	16	7.000000	10.000000	308
Glossodynia	1551|2322|2321|3791|2324	5	15.000000	22.000000	29
Weight increased	1128|1129|152|150|59340|6532|3362|6530|6531|2099|1814|1815|1816|1545|1812|1813|1548|3363|1565|146|147|151|5004|1133|1132|1131|1544|148|3354|3357|3356|3351|3350|3352|3269|3359|3358|1551|1557|1559|1558|1588|5241|5243|1576	45	7.000000	16.844444	227
Haemangioma	1544|1545|2099|1543|2100	5	31.000000	93.400000	7
Sluggishness	1128|151|152|150|6531|1814|1815|1816|1812|1813|3362|3363|147|1133|1132|148|3354|3356|3351|3350|3352|3269|3359|3358|1551	25	7.000000	7.680000	12
Suicidal ideation	1557|1813|1586|3362|3358|6532|6530|6531|3269|116444|3359|1576	12	7.500000	10.833333	62
Vascular purpura	1544|1557|1559|760|6559|5243|5742|5743|6532	9	17.000000	16.000000	146
Haemolytic anaemia	6833|3758|213|1557|6584|6565|1558|7364|1559|5742|5743|1244|1636|54575|55867|9356	16	7.000000	20.812500	143
Hyperreflexia	1814|1815|1812|1813|18|1565|148|1576|3356|6532|3352|6330|3358	13	9.000000	10.230769	45
Ovarian cancer	28234|1545|2099|2100|8856	5	30.000000	85.200000	9
Heart rate irregular	147|1132|3362|3354|3356|3350|3352|148	8	7.500000	7.875000	19
Toothache	1814|1815|1557|1812|1559|1565|1576|3356|3351|3350|3352|3358	12	9.000000	10.833333	55
Flat affect	1814|1815|1816|3614|3351|1557|1565|3352|1576|3354|3356|6532|6531|2554|3359|3358	16	7.500000	9.250000	65
Electrocardiogram QRS complex	1128|1129|155|3751|3752|6532|6530|1544|1813|3362|3363|1565|146|6582|6581|6580|5004|1133|1132|1131|10280|3356|3350|3269|6583|3358|6331	27	6.000000	7.555556	12
Anaemia	1551|1544|1633|9356|1557|1559|7364|7153|54658|5243|9429|5742|5743|1244|2030|1576	16	14.000000	18.625000	331
Acne	1814|1815|2475|2280|6462|5241|5243|9429|1551|1576	10	15.500000	24.600000	84
Cardiac failure congestive	775|1551|153|213|7068|7067|7364|3815|779|5243|9429|1559|5742|5743|7153|5468|5159	17	22.000000	44.470588	135
Mediastinal disorder	1551|54658|5243|1576|9429|1565	6	5.000000	7.333333	275
Mouth ulceration	1551|3614|3615|1557|3815|1559|7364|54658|5243|1565|9429|1576	12	10.500000	17.666667	121
Blood alkaline phosphatase increased	1551|1559|9429|7153|1576	5	7.000000	26.200000	123
Haemoglobin decreased	1814|1815|3815|5243|9429|1551|5159|1576	8	13.000000	26.625000	61
Stevens-Johnson syndrome	1551|213|1557|1559|1558|5243|9429|5742|5743|1244|1576|55867|9356	13	7.000000	22.923077	230
Torticollis	1128|1129|152|150|6532|1814|1815|1816|1812|1813|3362|3363|1565|147|151|1133|1132|1131|148|3354|3356|3350|3352|3269|3359|3358|1551|801	28	6.500000	14.285714	26
Nuchal rigidity	1814|1551|1557|1559|1565|5243|1576|3358|6329	9	8.000000	11.333333	51
Nephrotic syndrome	2322|2321|213|3551|2324|1559|3791|5742|5743|240|5320|5468|9356|55867|4353	15	18.000000	38.800000	45
Hypocalcaemia	5159|25|1545|3614|3815|2224|9429|2030	8	20.000000	64.250000	85
Hepatobiliary disease	1551|1544|1633|1557|3815|1559|54658|5243|9429|1244|1576	11	12.000000	17.909091	237
Hypoventilation	2891|1139|2554|2898|1137	5	13.000000	13.200000	29
Testicular swelling	1128|1129|152|155|150|3751|3752|59340|6532|6530|6531|1544|1813|3362|3363|1565|146|147|5004|1133|1132|1131|10280|3356|148|3269|3358|3350	28	6.000000	8.285714	14
Leukopenia	6833|9429|7498|9356|1557|1813|6565|1558|54600|7153|3362|3363|59340|1559|5742|3356|5243|2030|1551|1244	20	5.000000	12.750000	357
Confusional state	1128|1129|152|7364|54600|6532|6530|1814|1815|1544|1812|1813|7153|3362|3363|4986|4988|1562|706|6583|1133|1132|1131|54658|3357|3356|3351|3350|3352|3269|3358|1551|2554|2555|1557|1559|1558|2556|5243|1565|6331|1576	42	7.000000	11.666667	381
Hypertonia	1551|1544|3614|1557|3354|1559|18|3352|7364|1565|6326|54576|7153|1576|6329	15	9.000000	18.866667	130
Floppy iris syndrome	146|147|90134|3757|148	5	9.000000	8.400000	8
Dizziness postural	1814|1815|1816|152|1812|1813|150|151|1565|148|1576|3354|147|3356|3350|3352|3269|3359|3358	19	8.000000	9.105263	26
Ototoxicity	1728|6647|540|1318|1579|1244|4502|2944|2950|4489|538	11	5.000000	12.454545	9
Anaemia megaloblastic	1139|2554|2898|2557|1137|1719|2891|2559	8	10.000000	11.625000	18
Hyponatraemia	1551|6833|1559|54600|5243|9429|10928|1576	8	6.500000	12.000000	143
Cerebral haemorrhage	1551|5159|1557|3815|1559|9429|1576	7	12.000000	30.142857	45
Endocrine disorder	1814|1815|152|1312|1812|1813|1565|5243|1576|3356|3269|1551|3363|3358	14	9.500000	10.857143	82
Influenza	1559|1558|7364|54658|9429|10599|1576	7	7.000000	8.285714	190
Neuritis	1559|1633|1576|2030|596	5	12.000000	29.200000	74
Menopausal symptoms	1551|1545|7153|5243|1565|2099|1576	7	17.000000	66.571429	141
Breast disorder	1551|1544|5243|1565|9429|2099|1576	7	12.000000	52.428571	173
Prinzmetal angina	3355|4128|3351|3350|3352	5	8.000000	14.000000	5
Melaena	1557|1559|9429|5742|5743|1565	6	12.500000	13.666667	119
Pregnancy	1814|1815|1812|1813|5241|5243|3354|3356|3352|3269|1551|1565	12	9.500000	13.750000	51
Oedema	1551|1544|1633|1133|3358|5742|1548|1576|9429|1559|3357|3356|5243|1565|3350	15	7.000000	10.066667	385
Irritability	706|134|6532|2567|6530|6531|2569|1544|1545|2560|2563|2565|53919|4985|4986|4988|1136|10280|5243|1551|2554|2555|1557|2557|1559|2559|6462|2556|2570|8913|1571|1576	32	8.000000	11.687500	162
Swollen tongue	1815|1544|152|147|148|1576|3356|3350|3352|3358	10	9.500000	11.300000	22
Hypophosphataemia	1436|25|2321|205|204|2322|2224|2324|3791|3815|5156|9429|54577|1244|1551|5159	16	16.500000	41.812500	52
Abdominal distension	1551|1559|9429|1576|5243	5	7.000000	9.200000	180
Obsessive-compulsive disorder	1814|1815|1812|1813|148|6531|3269|1565	8	8.500000	10.250000	8
Hyperhidrosis	1551|1559|5243|1565|9429|1576	6	6.500000	8.000000	400
Eye movement disorder	1814|1815|151|152|1812|147|3356|3350|3352|3358	10	8.500000	9.200000	6
Toxic epidermal necrolysis	1551|213|1557|1559|7153|760|7364|54658|5243|9429|5742|5743|1244|1558|55867|9356	16	9.500000	26.687500	186
Euphoric mood	2562|706|6532|6530|6531|2569|4129|4128|2561|2560|2563|7363|2565|2567|2566|6326|4985|4986|4988|54600|3354|3357|3356|3351|3352|1551|2554|2555|1557|2557|1559|2559|2556|2570|1565|1576	36	8.000000	12.111111	126
Hypoxia	1139|1633|2554|2898|1137|2891	6	14.500000	13.666667	59
Coma	2903|213|1559|1558|54600|5742|6331|4986	8	12.000000	31.875000	118
Cardiomyopathy	1551|7153|5447|5243|9429|2030|1890	7	6.000000	20.857143	49
Sudden onset of sleep	1814|1815|1816|152|1812|1813|150|151|3357|3356|3351|3350|3352|3358	14	7.500000	9.785714	5
Unresponsive to stimuli	1814|1815|151|152|1812|147|3356|3350|3352|3358	10	8.500000	9.200000	6
Colitis	3614|213|596|1559|1558|54600|7364|54658|9429|5742|5743	11	9.000000	33.636364	108
Cerebrovascular accident	1128|151|152|155|150|6532|6530|6531|1815|1636|3362|3363|9429|1565|146|147|5004|1133|1132|148|3354|3356|3351|3350|3352|3269|3358|1728|5243|1579|2100|1576	32	6.000000	9.031250	151
Dry eye	1128|1129|151|152|1815|1133|1132|1131|5004|5243|1551|3354|1814|6532|3350|3352|3269|3351|1576|1565|25	21	6.000000	21.285714	112
Epigastric discomfort	6557|1557|762|760|6559|759	6	3.500000	8.666667	42
Drug tolerance	1565|4985|6532|6530|4986|4988|3358	7	7.000000	10.714286	14
Shock	1551|1544|1545|1557|5004|1559|1558|54600|54658|3362|3358|5243|3351|3350|3352|1576|3359|1565|6331	19	7.000000	10.526316	396
Psychotic disorder	1128|1129|152|3614|2904|6532|6530|6531|1814|1815|1544|1812|1813|3362|3363|1562|1565|6583|147|151|5004|1133|1132|1131|1816|148|3356|3350|3352|3269|3358|150|1644|1557|18|5243|8913|6331|1551|1571|1576	41	8.000000	10.853659	166
Pneumonia	1551|1633|1557|3815|1559|7153|54658|5243|9429|1576	10	14.000000	26.500000	221
Cardiac disorder	1814|1551|5243|1565|9429|1576	6	9.000000	9.166667	266
Completed suicide	1814|1815|1813|1565|3352|148|1576|3354|6532|3350|6530|6531|3269|3359|3358	15	7.000000	8.200000	47
Deafness	1551|1633|3614|213|1557|596|1559|1558|6579|7364|203068|5243|9429|5742|5743|1244|55867|9356	18	12.500000	35.333333	139
Cognitive disorder	1551|1557|1558|6579|7364|54658|6323|3156|6330|1576|1244	11	7.000000	15.909091	31
Scrotal oedema	5159|25|2475|3614|3615|9429|54577	7	30.000000	70.285714	13
Catatonia	1814|1815|153|152|154|1812|1813|148|3363|3354|3356|3351|3362|3269|5243|801|1565|3350	18	9.500000	21.944444	28
Disturbance in sexual arousal	151|150|152|6532|6530|6531|1814|1815|1816|1812|1813|3362|3363|4986|367|1565|146|147|5004|1133|9254|148|3357|3356|3350|3352|3269|3358|1551|1636|1557|1559|5243|8912|1576	35	7.000000	14.142857	173
Haemolytic uraemic syndrome	2475|1728|2280|6647|1318|540|4502|2944|4489|538	10	9.000000	18.900000	17
Vertigo	1551|1557|1559|1558|54600|5243|1565|5742|5743|3351|3352|1576	12	7.500000	11.250000	340
Dry throat	1128|1129|152|1812|1815|1133|1132|1131|3362|1565|3354|3356|3351|3352|1576|1814	16	6.500000	7.375000	31
Malignant melanoma	2280|2475|54577|3614|3615	5	23.000000	24.400000	16
Nystagmus	1551|2328|2554|2555|1557|2561|1558|54600|2562|7153|2556|1576|6326|54576|1244|18|1562|10928|706|6331	20	10.500000	17.000000	77
Dermatitis	1551|1559|1558|5243|9429|1548|1576	7	7.000000	7.714286	658
Impulse-control disorder	1814|1815|1816|1812|1813|3363|3350	7	10.000000	10.142857	8
Retroperitoneal fibrosis	1815|1816|150|3363|3357|3356|3351|3350|3352|3358	10	7.000000	8.200000	10
Alopecia	1551|1633|1543|1557|5004|1559|1558|5241|54658|5243|3358|9429|3356|8714|3350|2030|6532|1576|1565|1244	20	7.000000	11.950000	314
Arthritis	1551|1544|1557|1559|1558|5243|1565|9429|1576	9	7.000000	12.555556	160
Flatulence	1551|9356|1559|7364|54658|5243|1565|5743|10599|1576	10	6.500000	9.500000	290
Fatigue	151|152|6532|1544|1633|3362|3363|9429|1565|5004|1132|54658|3357|3356|3351|3350|3352|3269|3358|1551|1557|1559|1558|5243|1576	25	6.000000	8.680000	461
Erythema	1551|1545|1559|1558|5243|9429	6	7.000000	11.833333	292
Hypoalbuminaemia	1436|25|2321|3815|54600|2324|3791|5243|5156|2322|5159	11	26.000000	57.818182	13
Interstitial lung disease	9429|25|1244|5243|3815	5	17.000000	80.000000	77
Intestinal perforation	54600|7153|54658|54577|1244|471	6	4.000000	22.000000	25
Blood prolactin increased	1128|1129|152|150|1814|1815|1816|1812|1813|3362|3363|1565|147|151|773|1133|1132|1131|148|3354|3356|3351|3350|3352|3269|3359|3358|1551|5243|6331|1576	31	8.000000	8.516129	15
Withdrawal syndrome	2560|1565|5243|4985|6532|6530|4986|4988|1576	9	12.000000	12.666667	38
Blister	1551|1559|1558|1548|1576|1565	6	6.500000	5.833333	65
Cardiac valve disease	1814|1815|1816|152|1812|1813|150|151|3357|3356|3351|3350|3352|3358	14	7.500000	9.785714	12
Akathisia	1128|1129|152|150|59340|6532|6530|6531|1814|1815|1544|1812|1813|3360|3362|3363|1565|147|151|1133|1132|1131|1816|148|3354|3356|3351|3350|3352|3269|3359|3358|1551|5243|801	35	7.000000	13.942857	54
Feeling abnormal	1128|1129|706|1544|7153|1548|9429|1565|1133|1132|54658|3357|3356|3351|3350|3352|3358|1551|1557|1559|1558|5243|6331|1576	24	7.000000	13.041667	492
Testicular pain	6532|6530|6531|6716|6715|1565	6	7.000000	10.500000	17
Myalgia	1551|7498|1545|1636|1557|1559|1558|1544|5243|316|9429|1633|1244|10599|1576|1565	16	7.000000	11.937500	365
Stomatitis	1551|9356|3815|7298|54600|7153|5243|9429|1559|5742|5743|2950	12	17.500000	25.000000	233
Lipase increased	2322|2321|3815|3791|2324	5	26.000000	34.600000	19
Malnutrition	1551|1633|1559|5243|1565|9429|1576	7	7.000000	9.142857	282
Blepharospasm	1814|1815|151|152|1812|1813|150|148|1565|3356|3351|3350|3352|3269|3358	15	8.000000	9.800000	17
Osteonecrosis of jaw	5159|2322|2321|2324|2224|3815|3791|523|5802	9	26.000000	34.111111	9
Depersonalisation	1551|1557|1559|5243|1565|3354|6532|6530|3352|3359|1576	11	6.000000	8.727273	69
Dermatitis contact	1559|1558|2908|6257|1576	5	12.000000	56.200000	116
Rash maculo-papular	1551|1559|9429|1576|5243	5	7.000000	9.200000	118
Aspartate aminotransferase increased	1551|5159|1557|3815|1559|5243|1565|9429|1576	9	12.000000	25.555556	166
Hypomania	1128|1129|152|155|150|3751|3752|59340|6532|6530|6531|1816|1813|3362|3363|1565|146|147|5004|1133|1132|1131|10280|3356|148|3352|3269|3359|3358|3350	30	6.000000	7.200000	28
Blepharitis	1814|1815|1816|152|1812|150|1565|1131|151|3362|3363|9429|3354|3356|3352|1551|3359|3358	18	5.500000	6.833333	59
Muscle contractions involuntary	1814|1557|2904|43|116443|3356|3351|3352|1576|1565	10	13.000000	16.900000	45
Palpitations	1128|1129|153|152|154|5742|6532|6530|6531|1544|4128|1636|8654|775|147|776|1133|1132|1131|148|146|3350|3352|3269|6583|3358|1551|1557|783|1559|5243|1565|3351|1576	34	8.000000	12.117647	351
Gingivitis	1551|3614|1557|1559|5243|1565|1576	7	9.000000	11.714286	75
Hyperpyrexia	1128|1129|1544|1812|1813|1133|1132|1131|1816|3362|1565|59340|1815|147|3356|148|801|1571|3358|1814|3350	21	9.000000	18.047619	32
Ileus	1551|1565|54600|54658|5243|1066|9429|203068|4985|4988|1576	11	6.000000	26.000000	71
Ventricular arrhythmia	135|6531|3757|5139|134|1814|1544|1812|1813|7153|3363|1565|147|1816|148|5141|3354|3356|3359|1551|8654|6336	22	11.500000	16.318182	78
Urticaria	1551|1544|213|1557|5004|1559|1558|6579|5243|1565|5742|5743|1244|1562|1576|9356	16	7.000000	20.750000	514
Depressed level of consciousness	706|2569|2561|2560|2563|2562|2565|2567|2566|4986|3352|2555|1551|2554|2898|2556|2557|2559|2891|2570|6331|1576	22	8.500000	10.818182	109
